0		0		0		0:00
1		2		0.5		13:30
2		3		0.5             15:00
2		3		0.8             16:00
3		1		0.5             13:30
4		3		0.5             8:00
4		2		0.9             15:10
5		0		0.5             15:10
6		0		0.5             12:30
7		0		0.5             12:50
8		0		0.4             13:30
9		0		0.5             15:30
10		0		0.5             16:00
11		0		0.5             16:30
12		0		0.6             17:00
13		0		0.4             11:50
14		0		0.5             12:10
15		0		0.8             13:00
16		0		0.5             13:30
17		0		0.5             14:00
18		0		0.6             17:30
19		0		0.5             15:00
20		0		0.5             17:40
21		2		0.5             10:10
22		0		0.5             15:00
22		0		1.2             11:40
22		1		1.3             11:30
23		0		1               14:00
24		2		0.8             8:00
25		0		0.5             11:00
26		0		1               8:00
27		2		1               17:10
28		0		1               11:30
29		2		1.2             14:50
30		3		1.2             9:00
30		3		2               10:30
31		0		1.5             10:40
32		0		1.5             10:50
33		0		1.3             10:30
34		0		1.2             10:30
35		1		1.2             8:00
36		1		1.2             9:00
37		1		1.3             8:00
38		1		1.2             9:10
39		1		1.2             9:15
40		1		1.6             10:20
41		1		1.2             11:30
42		1		1.2             12:00
43		1		1.4             14:00
44		1		1.2             11:00
45		1		1.2             8:00
46		3		1.5             16:00
47		1		1.5             8:00
48		1		1.5             9:30
49		1		1.5             11:00
50		2		1.5             18:00
51		0		1.6             12:10
52		0		2.8             13:00
53		3		2               8:00
54		0		2               8:30
55		2		2               16:00
56		3		2.5             8:00
57		2		2.8             12:30
58		0		3.5             17:20
59		2		3.5             11:00
60		3		3.5             8:00
61		3		3.5             10:00
62		3		3.7             14:00
63		2		4.5             12:50
64		3		4.5             10:00
65		2		2               8:30

